Full_procedure_drone.pcapng
* Connect
* Open controller       131564
    * Take-off          206273
    * Land              225886
    * Take-off          283153
    * Yaw Left          339123
    * Yaw Right         349335
    * Throttle Up       373042
    * Throttle Down     381365
    * Bank Left         392987
    * Bank Right        400624
    * Pitch Forward     432262
    * Pitch Backward    441685
    * Flip 360          459902 482978
    * Land              494121


stop.pcapng
2nd run (emergency stop)
STOP                    60020


IDLE:
66 14 80 80 80 80 00 00 00 00 00 00 00 00 00 00 00 00 00 99

?? (Occurs once at the very beginning. Some initialization?? Connection with the target?):
66 14 80 80 80 80 04 00 00 00 00 00 00 00 00 00 00 00 04 99

TAKE-OFF:
66 14 80 80 80 80 01 00 00 00 00 00 00 00 00 00 00 00 01 99

LAND:
66 14 80 80 80 80 80 00 00 00 00 00 00 00 00 00 00 00 80 99

YAW-LEFT:
66 14 80 80 7d 80 00 00 00 00 00 00 00 00 00 00 00 00 fd 99
66 14 80 80 7d 76 00 00 00 00 00 00 00 00 00 00 00 00 0b 99
66 14 80 80 7d 66 00 00 00 00 00 00 00 00 00 00 00 00 1b 99
66 14 80 80 7d 5b 00 00 00 00 00 00 00 00 00 00 00 00 26 99
66 14 80 80 7d 56 00 00 00 00 00 00 00 00 00 00 00 00 2b 99
66 14 80 80 7d 4e 00 00 00 00 00 00 00 00 00 00 00 00 33 99

YAW-RIGHT:
66 14 80 80 81 80 00 00 00 00 00 00 00 00 00 00 00 00 01 99
66 14 80 80 81 80 00 00 00 00 00 00 00 00 00 00 00 00 01 99
66 14 80 80 81 80 00 00 00 00 00 00 00 00 00 00 00 00 01 99
66 14 80 80 7d 80 00 00 00 00 00 00 00 00 00 00 00 00 fd 99
66 14 80 80 7a 80 00 00 00 00 00 00 00 00 00 00 00 00 fa 99
66 14 80 80 76 80 00 00 00 00 00 00 00 00 00 00 00 00 f6 99
66 14 80 80 74 80 00 00 00 00 00 00 00 00 00 00 00 00 f4 99
66 14 80 80 73 80 00 00 00 00 00 00 00 00 00 00 00 00 f3 99
66 14 80 80 73 80 00 00 00 00 00 00 00 00 00 00 00 00 f3 99
66 14 80 80 73 80 00 00 00 00 00 00 00 00 00 00 00 00 f3 99
66 14 80 80 73 80 00 00 00 00 00 00 00 00 00 00 00 00 f3 99
66 14 80 80 72 80 00 00 00 00 00 00 00 00 00 00 00 00 f2 99

THROTTLE-UP:
66 14 80 80 74 80 00 00 00 00 00 00 00 00 00 00 00 00 f4 99
66 14 80 80 7a 80 00 00 00 00 00 00 00 00 00 00 00 00 fa 99
66 14 80 80 7d 80 00 00 00 00 00 00 00 00 00 00 00 00 fd 99
66 14 80 80 81 80 00 00 00 00 00 00 00 00 00 00 00 00 01 99
66 14 80 80 85 80 00 00 00 00 00 00 00 00 00 00 00 00 05 99
66 14 80 80 8a 80 00 00 00 00 00 00 00 00 00 00 00 00 0a 99
66 14 80 80 91 80 00 00 00 00 00 00 00 00 00 00 00 00 11 99
66 14 80 80 94 80 00 00 00 00 00 00 00 00 00 00 00 00 14 99

THROTTLE-DOWN:
66 14 80 80 7e 80 00 00 00 00 00 00 00 00 00 00 00 00 fe 99
66 14 80 80 73 80 00 00 00 00 00 00 00 00 00 00 00 00 f3 99
66 14 80 80 65 80 00 00 00 00 00 00 00 00 00 00 00 00 e5 99
66 14 80 80 56 80 00 00 00 00 00 00 00 00 00 00 00 00 d6 99
66 14 80 80 49 80 00 00 00 00 00 00 00 00 00 00 00 00 c9 99
66 14 80 80 3e 80 00 00 00 00 00 00 00 00 00 00 00 00 be 99
66 14 80 80 37 80 00 00 00 00 00 00 00 00 00 00 00 00 b7 99
66 14 80 80 2a 80 00 00 00 00 00 00 00 00 00 00 00 00 aa 99
66 14 80 80 1f 80 00 00 00 00 00 00 00 00 00 00 00 00 9f 99

BANK-LEFT:
66 14 86 7d 80 80 00 00 00 00 00 00 00 00 00 00 00 00 fb 99
66 14 84 7d 80 80 00 00 00 00 00 00 00 00 00 00 00 00 f9 99
66 14 80 7d 80 80 00 00 00 00 00 00 00 00 00 00 00 00 fd 99
66 14 75 7b 80 80 00 00 00 00 00 00 00 00 00 00 00 00 0e 99
66 14 61 79 80 80 00 00 00 00 00 00 00 00 00 00 00 00 18 99
66 14 59 78 80 80 00 00 00 00 00 00 00 00 00 00 00 00 21 99
66 14 53 78 80 80 00 00 00 00 00 00 00 00 00 00 00 00 2b 99
66 14 4d 78 80 80 00 00 00 00 00 00 00 00 00 00 00 00 35 99
66 14 47 78 80 80 00 00 00 00 00 00 00 00 00 00 00 00 3f 99

BANK-RIGHT:
66 14 75 80 80 80 00 00 00 00 00 00 00 00 00 00 00 00 f5 99
66 14 78 80 80 80 00 00 00 00 00 00 00 00 00 00 00 00 f8 99
66 14 8a 7e 80 80 00 00 00 00 00 00 00 00 00 00 00 00 f4 99
66 14 8d 7e 80 80 00 00 00 00 00 00 00 00 00 00 00 00 f3 99
66 14 95 7d 80 80 00 00 00 00 00 00 00 00 00 00 00 00 e8 99
66 14 99 7d 80 80 00 00 00 00 00 00 00 00 00 00 00 00 e4 99
66 14 a4 7c 80 80 00 00 00 00 00 00 00 00 00 00 00 00 d8 99
66 14 a9 7c 80 80 00 00 00 00 00 00 00 00 00 00 00 00 d5 99

PITCH-FORWARD:
66 14 7a 7b 80 80 00 00 00 00 00 00 00 00 00 00 00 00 01 99
66 14 7a 7b 80 80 00 00 00 00 00 00 00 00 00 00 00 00 01 99
66 14 7a 7b 80 80 00 00 00 00 00 00 00 00 00 00 00 00 01 99
66 14 7a 7b 80 80 00 00 00 00 00 00 00 00 00 00 00 00 01 99
66 14 7b 81 80 80 00 00 00 00 00 00 00 00 00 00 00 00 fa 99
66 14 7d 8e 80 80 00 00 00 00 00 00 00 00 00 00 00 00 f3 99
66 14 7e 9a 80 80 00 00 00 00 00 00 00 00 00 00 00 00 e4 99
66 14 81 a5 80 80 00 00 00 00 00 00 00 00 00 00 00 00 24 99
66 14 82 ad 80 80 00 00 00 00 00 00 00 00 00 00 00 00 2f 99

PITCH-BACKWARD:
66 14 85 85 80 80 00 00 00 00 00 00 00 00 00 00 00 00 00 99
66 14 84 82 80 80 00 00 00 00 00 00 00 00 00 00 00 00 06 99
66 14 82 6c 80 80 00 00 00 00 00 00 00 00 00 00 00 00 ee 99
66 14 81 5e 80 80 00 00 00 00 00 00 00 00 00 00 00 00 df 99
66 14 81 50 80 80 00 00 00 00 00 00 00 00 00 00 00 00 d1 99
66 14 80 42 80 80 00 00 00 00 00 00 00 00 00 00 00 00 c2 99
66 14 80 40 80 80 00 00 00 00 00 00 00 00 00 00 00 00 c0 99
66 14 80 40 80 80 00 00 00 00 00 00 00 00 00 00 00 00 c0 99

FLIP: ignored for now.

EMERGENCY-STOP:
66 14 80 80 80 80 02 00 00 00 00 00 00 00 00 00 00 00 02 99
(This packet repeated 21 times over the course of 1 second)


